LQR 输出：
refX [[0, 0, 0], 
[0.08253073574299169, 0.0, 0.003600301872932193], 
[0.16425983793028395, 0.00029425071105533746, 0.0071656565749762475], 
[0.27767401980866, 0.0011069516989953905, 0.012113337836347111]]
refU [[0.1        0.82530736]
 [0.1        0.81729632]
 [0.1        1.13417094]
 [0.1        0.85239219]]
A [[[ 1.00000000e+00  0.00000000e+00 -0.00000000e+00]
  [ 0.00000000e+00  1.00000000e+00  8.25307357e-02]
  [ 0.00000000e+00  0.00000000e+00  1.00000000e+00]]

 [[ 1.00000000e+00  0.00000000e+00 -2.94250711e-04]
  [ 0.00000000e+00  1.00000000e+00  8.17291022e-02]
  [ 0.00000000e+00  0.00000000e+00  1.00000000e+00]]

 [[ 1.00000000e+00  0.00000000e+00 -8.12700988e-04]
  [ 0.00000000e+00  1.00000000e+00  1.13414182e-01]
  [ 0.00000000e+00  0.00000000e+00  1.00000000e+00]]

 [[ 1.00000000e+00  0.00000000e+00 -1.03250620e-03]
  [ 0.00000000e+00  1.00000000e+00  8.52329652e-02]
  [ 0.00000000e+00  0.00000000e+00  1.00000000e+00]]]
B [[[0.         0.1       ]
  [0.         0.        ]
  [0.03624416 0.00436238]]

 [[0.         0.09999935]
  [0.         0.00036003]
  [0.03589235 0.00436238]]

 [[0.         0.09999743]
  [0.         0.00071656]
  [0.0498082  0.00436238]]

 [[0.         0.09999266]
  [0.         0.0012113 ]
  [0.03743362 0.00436238]]]
Lxx [[[3. 0. 0.]
  [0. 3. 0.]
  [0. 0. 1.]]

 [[3. 0. 0.]
  [0. 3. 0.]
  [0. 0. 1.]]

 [[3. 0. 0.]
  [0. 3. 0.]
  [0. 0. 1.]]

 [[3. 0. 0.]
  [0. 3. 0.]
  [0. 0. 1.]]]
Luu [[[1. 0.]
  [0. 1.]]

 [[1. 0.]
  [0. 1.]]

 [[1. 0.]
  [0. 1.]]

 [[1. 0.]
  [0. 1.]]]
Lx [[[1.]
  [1.]
  [1.]]

 [[1.]
  [1.]
  [1.]]

 [[1.]
  [1.]
  [1.]]

 [[1.]
  [1.]
  [1.]]]
Lu [[[1.]
  [1.]]

 [[1.]
  [1.]]

 [[1.]
  [1.]]

 [[1.]
  [1.]]]
Lxu [[[0. 0.]
  [0. 0.]
  [0. 0.]]

 [[0. 0.]
  [0. 0.]
  [0. 0.]]

 [[0. 0.]
  [0. 0.]
  [0. 0.]]

 [[0. 0.]
  [0. 0.]
  [0. 0.]]]
Lux [[[0. 0. 0.]
  [0. 0. 0.]]

 [[0. 0. 0.]
  [0. 0. 0.]]

 [[0. 0. 0.]
  [0. 0. 0.]]

 [[0. 0. 0.]
  [0. 0. 0.]]]
iter num: 0
ILQR 输出：
refX [[0.         0.         0.        ]
 [0.11774994 0.         0.0051367 ]
 [0.22261271 0.00053865 0.00971127]
 [0.31429961 0.00142908 0.01371118]]
refU [[0.1        1.17749938]
 [0.1        1.04864158]
 [0.1        0.91691225]
 [0.1        0.86475574]]
A [[[ 1.00000000e+00  0.00000000e+00 -0.00000000e+00]
  [ 0.00000000e+00  1.00000000e+00  1.17749938e-01]
  [ 0.00000000e+00  0.00000000e+00  1.00000000e+00]]

 [[ 1.00000000e+00  0.00000000e+00 -5.38652959e-04]
  [ 0.00000000e+00  1.00000000e+00  1.04862775e-01]
  [ 0.00000000e+00  0.00000000e+00  1.00000000e+00]]

 [[ 1.00000000e+00  0.00000000e+00 -8.90423901e-04]
  [ 0.00000000e+00  1.00000000e+00  9.16869015e-02]
  [ 0.00000000e+00  0.00000000e+00  1.00000000e+00]]

 [[ 1.00000000e+00  0.00000000e+00 -1.18564529e-03]
  [ 0.00000000e+00  1.00000000e+00  8.64674457e-02]
  [ 0.00000000e+00  0.00000000e+00  1.00000000e+00]]]
B [[[0.         0.1       ]
  [0.         0.        ]
  [0.05171101 0.00436238]]

 [[0.         0.09999868]
  [0.         0.00051367]
  [0.0460521  0.00436238]]

 [[0.         0.09999528]
  [0.         0.00097111]
  [0.04026708 0.00436238]]

 [[0.         0.0999906 ]
  [0.         0.00137108]
  [0.03797658 0.00436238]]]
Lxx [[[3. 0. 0.]
  [0. 3. 0.]
  [0. 0. 1.]]

 [[3. 0. 0.]
  [0. 3. 0.]
  [0. 0. 1.]]

 [[3. 0. 0.]
  [0. 3. 0.]
  [0. 0. 1.]]

 [[3. 0. 0.]
  [0. 3. 0.]
  [0. 0. 1.]]]
Luu [[[1. 0.]
  [0. 1.]]

 [[1. 0.]
  [0. 1.]]

 [[1. 0.]
  [0. 1.]]

 [[1. 0.]
  [0. 1.]]]
Lx [[[1.]
  [1.]
  [0.]]

 [[1.]
  [1.]
  [0.]]

 [[1.]
  [1.]
  [0.]]

 [[1.]
  [1.]
  [0.]]]
Lu [[[1.]
  [1.]]

 [[1.]
  [1.]]

 [[1.]
  [1.]]

 [[1.]
  [1.]]]
Lxu [[[0. 0.]
  [0. 0.]
  [0. 0.]]

 [[0. 0.]
  [0. 0.]
  [0. 0.]]

 [[0. 0.]
  [0. 0.]
  [0. 0.]]

 [[0. 0.]
  [0. 0.]
  [0. 0.]]]
Lux [[[0. 0. 0.]
  [0. 0. 0.]]

 [[0. 0. 0.]
  [0. 0. 0.]]

 [[0. 0. 0.]
  [0. 0. 0.]]

 [[0. 0. 0.]
  [0. 0. 0.]]]
iter num: 1
ILQR 输出：
refX [[0.         0.         0.        ]
 [0.11774994 0.         0.0051367 ]
 [0.22261271 0.00053865 0.00971127]
 [0.31429961 0.00142908 0.01371118]]
refU [[0.1        1.17749938]
 [0.1        1.04864158]
 [0.1        0.91691225]
 [0.1        0.86475574]]
A [[[ 1.          0.         -0.        ]
  [ 0.          1.          0.08242173]
  [ 0.          0.          1.        ]]

 [[ 1.          0.          0.00104522]
  [ 0.          1.          0.07283297]
  [ 0.          0.          1.        ]]

 [[ 1.          0.          0.00175557]
  [ 0.          1.          0.06242406]
  [ 0.          0.          1.        ]]

 [[ 1.          0.          0.00242524]
  [ 0.          1.          0.06096872]
  [ 0.          0.          1.        ]]]
B [[[ 0.          0.1       ]
  [ 0.          0.        ]
  [ 0.04052301 -0.01572479]]

 [[ 0.          0.0999897 ]
  [ 0.         -0.00143494]
  [ 0.03637563 -0.01675981]]

 [[ 0.          0.09996048]
  [ 0.         -0.00281122]
  [ 0.03092338 -0.01620487]]

 [[ 0.          0.09992098]
  [ 0.         -0.0039747 ]
  [ 0.02694521 -0.00544518]]]
Lxx [[[3. 0. 0.]
  [0. 3. 0.]
  [0. 0. 1.]]

 [[3. 0. 0.]
  [0. 3. 0.]
  [0. 0. 1.]]

 [[3. 0. 0.]
  [0. 3. 0.]
  [0. 0. 1.]]

 [[3. 0. 0.]
  [0. 3. 0.]
  [0. 0. 1.]]]
Luu [[[1. 0.]
  [0. 1.]]

 [[1. 0.]
  [0. 1.]]

 [[1. 0.]
  [0. 1.]]

 [[1. 0.]
  [0. 1.]]]
Lx [[[1.]
  [1.]
  [0.]]

 [[1.]
  [1.]
  [0.]]

 [[1.]
  [1.]
  [0.]]

 [[1.]
  [1.]
  [0.]]]
Lu [[[1.]
  [1.]]

 [[1.]
  [1.]]

 [[1.]
  [1.]]

 [[1.]
  [1.]]]
Lxu [[[0. 0.]
  [0. 0.]
  [0. 0.]]

 [[0. 0.]
  [0. 0.]
  [0. 0.]]

 [[0. 0.]
  [0. 0.]
  [0. 0.]]

 [[0. 0.]
  [0. 0.]
  [0. 0.]]]
Lux [[[0. 0. 0.]
  [0. 0. 0.]]

 [[0. 0. 0.]
  [0. 0. 0.]]

 [[0. 0. 0.]
  [0. 0. 0.]]

 [[0. 0. 0.]
  [0. 0. 0.]]]
iter num: 2
ILQR 输出：
refX [[0.         0.         0.        ]
 [0.11774994 0.         0.0051367 ]
 [0.22261271 0.00053865 0.00971127]
 [0.31429961 0.00142908 0.01371118]]
refU [[0.1        1.17749938]
 [0.1        1.04864158]
 [0.1        0.91691225]
 [0.1        0.86475574]]
A [[[ 1.          0.         -0.        ]
  [ 0.          1.          0.03312674]
  [ 0.          0.          1.        ]]

 [[ 1.          0.          0.00125179]
  [ 0.          1.          0.02793699]
  [ 0.          0.          1.        ]]

 [[ 1.          0.          0.00287739]
  [ 0.          1.          0.03326924]
  [ 0.          0.          1.        ]]

 [[ 1.          0.          0.00472791]
  [ 0.          1.          0.03823293]
  [ 0.          0.          1.        ]]]
B [[[ 0.          0.1       ]
  [ 0.          0.        ]
  [ 0.04593253 -0.06432887]]

 [[ 0.          0.09989976]
  [ 0.         -0.00447627]
  [ 0.04324526 -0.0695208 ]]

 [[ 0.          0.09962808]
  [ 0.         -0.00861664]
  [ 0.05196    -0.06982001]]

 [[ 0.          0.09924406]
  [ 0.         -0.01227259]
  [ 0.0227199  -0.02595771]]]
Lxx [[[3. 0. 0.]
  [0. 3. 0.]
  [0. 0. 1.]]

 [[3. 0. 0.]
  [0. 3. 0.]
  [0. 0. 1.]]

 [[3. 0. 0.]
  [0. 3. 0.]
  [0. 0. 1.]]

 [[3. 0. 0.]
  [0. 3. 0.]
  [0. 0. 1.]]]
Luu [[[1. 0.]
  [0. 1.]]

 [[1. 0.]
  [0. 1.]]

 [[1. 0.]
  [0. 1.]]

 [[1. 0.]
  [0. 1.]]]
Lx [[[1.]
  [1.]
  [0.]]

 [[1.]
  [1.]
  [0.]]

 [[1.]
  [1.]
  [0.]]

 [[1.]
  [1.]
  [0.]]]
Lu [[[1.]
  [1.]]

 [[1.]
  [1.]]

 [[1.]
  [1.]]

 [[1.]
  [1.]]]
Lxu [[[0. 0.]
  [0. 0.]
  [0. 0.]]

 [[0. 0.]
  [0. 0.]
  [0. 0.]]

 [[0. 0.]
  [0. 0.]
  [0. 0.]]

 [[0. 0.]
  [0. 0.]
  [0. 0.]]]
Lux [[[0. 0. 0.]
  [0. 0. 0.]]

 [[0. 0. 0.]
  [0. 0. 0.]]

 [[0. 0. 0.]
  [0. 0. 0.]]

 [[0. 0. 0.]
  [0. 0. 0.]]]
iter num: 3
ILQR 输出：
refX [[0.         0.         0.        ]
 [0.11774994 0.         0.0051367 ]
 [0.22261271 0.00053865 0.00971127]
 [0.31429961 0.00142908 0.01371118]]
refU [[0.1        1.17749938]
 [0.1        1.04864158]
 [0.1        0.91691225]
 [0.1        0.86475574]]
A [[[ 1.00000000e+00  0.00000000e+00  0.00000000e+00]
  [ 0.00000000e+00  1.00000000e+00 -1.27758540e-02]
  [ 0.00000000e+00  0.00000000e+00  1.00000000e+00]]

 [[ 1.00000000e+00  0.00000000e+00 -1.05400799e-03]
  [ 0.00000000e+00  1.00000000e+00 -1.21412584e-02]
  [ 0.00000000e+00  0.00000000e+00  1.00000000e+00]]

 [[ 1.00000000e+00  0.00000000e+00  1.48460251e-04]
  [ 0.00000000e+00  1.00000000e+00  8.83865511e-04]
  [ 0.00000000e+00  0.00000000e+00  1.00000000e+00]]

 [[ 1.00000000e+00  0.00000000e+00  3.44455472e-03]
  [ 0.00000000e+00  1.00000000e+00  1.23992746e-02]
  [ 0.00000000e+00  0.00000000e+00  1.00000000e+00]]]
B [[[ 0.          0.1       ]
  [ 0.          0.        ]
  [-0.02476303  0.08085106]]

 [[ 0.          0.0996253 ]
  [ 0.         -0.00864868]
  [-0.0257486   0.08541517]]

 [[ 0.          0.09861852]
  [ 0.         -0.01656466]
  [ 0.00224808  0.09494947]]

 [[ 0.          0.09635117]
  [ 0.         -0.02676664]
  [ 0.20195622 -0.25756932]]]
Lxx [[[3. 0. 0.]
  [0. 3. 0.]
  [0. 0. 1.]]

 [[3. 0. 0.]
  [0. 3. 0.]
  [0. 0. 1.]]

 [[3. 0. 0.]
  [0. 3. 0.]
  [0. 0. 1.]]

 [[3. 0. 0.]
  [0. 3. 0.]
  [0. 0. 1.]]]
Luu [[[1. 0.]
  [0. 1.]]

 [[1. 0.]
  [0. 1.]]

 [[1. 0.]
  [0. 1.]]

 [[1. 0.]
  [0. 1.]]]
Lx [[[1.]
  [1.]
  [0.]]

 [[1.]
  [1.]
  [0.]]

 [[1.]
  [1.]
  [0.]]

 [[1.]
  [1.]
  [0.]]]
Lu [[[1.]
  [1.]]

 [[1.]
  [1.]]

 [[1.]
  [1.]]

 [[1.]
  [1.]]]
Lxu [[[0. 0.]
  [0. 0.]
  [0. 0.]]

 [[0. 0.]
  [0. 0.]
  [0. 0.]]

 [[0. 0.]
  [0. 0.]
  [0. 0.]]

 [[0. 0.]
  [0. 0.]
  [0. 0.]]]
Lux [[[0. 0. 0.]
  [0. 0. 0.]]

 [[0. 0. 0.]
  [0. 0. 0.]]

 [[0. 0. 0.]
  [0. 0. 0.]]

 [[0. 0. 0.]
  [0. 0. 0.]]]
iter num: 4
ILQR 输出：
refX [[0.         0.         0.        ]
 [0.11774994 0.         0.0051367 ]
 [0.22261271 0.00053865 0.00971127]
 [0.31429961 0.00142908 0.01371118]]
refU [[0.1        1.17749938]
 [0.1        1.04864158]
 [0.1        0.91691225]
 [0.1        0.86475574]]
A [[[ 1.00000000e+00  0.00000000e+00  0.00000000e+00]
  [ 0.00000000e+00  1.00000000e+00 -1.03763346e-01]
  [ 0.00000000e+00  0.00000000e+00  1.00000000e+00]]

 [[ 1.00000000e+00  0.00000000e+00 -7.24747933e-04]
  [ 0.00000000e+00  1.00000000e+00 -8.52494937e-02]
  [ 0.00000000e+00  0.00000000e+00  1.00000000e+00]]

 [[ 1.00000000e+00  0.00000000e+00 -2.63783552e-05]
  [ 0.00000000e+00  1.00000000e+00 -8.89421019e-03]
  [ 0.00000000e+00  0.00000000e+00  1.00000000e+00]]

 [[ 1.00000000e+00  0.00000000e+00 -2.10019868e-04]
  [ 0.00000000e+00  1.00000000e+00 -1.12380742e-02]
  [ 0.00000000e+00  0.00000000e+00  1.00000000e+00]]]
B [[[ 0.          0.1       ]
  [ 0.          0.        ]
  [-0.04554197  0.00423221]]

 [[ 0.          0.09999639]
  [ 0.         -0.00085012]
  [-0.03742866  0.00429861]]

 [[ 0.          0.09999956]
  [ 0.         -0.00029658]
  [-0.00390189 -0.00412592]]

 [[ 0.          0.09998254]
  [ 0.         -0.0018685 ]
  [-0.00790938  0.03419234]]]
Lxx [[[3. 0. 0.]
  [0. 3. 0.]
  [0. 0. 1.]]

 [[3. 0. 0.]
  [0. 3. 0.]
  [0. 0. 1.]]

 [[3. 0. 0.]
  [0. 3. 0.]
  [0. 0. 1.]]

 [[3. 0. 0.]
  [0. 3. 0.]
  [0. 0. 1.]]]
Luu [[[1. 0.]
  [0. 1.]]

 [[1. 0.]
  [0. 1.]]

 [[1. 0.]
  [0. 1.]]

 [[1. 0.]
  [0. 1.]]]
Lx [[[1.]
  [1.]
  [0.]]

 [[1.]
  [1.]
  [0.]]

 [[1.]
  [1.]
  [0.]]

 [[1.]
  [1.]
  [0.]]]
Lu [[[1.]
  [1.]]

 [[1.]
  [1.]]

 [[1.]
  [1.]]

 [[1.]
  [1.]]]
Lxu [[[0. 0.]
  [0. 0.]
  [0. 0.]]

 [[0. 0.]
  [0. 0.]
  [0. 0.]]

 [[0. 0.]
  [0. 0.]
  [0. 0.]]

 [[0. 0.]
  [0. 0.]
  [0. 0.]]]
Lux [[[0. 0. 0.]
  [0. 0. 0.]]

 [[0. 0. 0.]
  [0. 0. 0.]]

 [[0. 0. 0.]
  [0. 0. 0.]]

 [[0. 0. 0.]
  [0. 0. 0.]]]
iter num: 5
ILQR 输出：
refX [[0.         0.         0.        ]
 [0.11774994 0.         0.0051367 ]
 [0.22261271 0.00053865 0.00971127]
 [0.31429961 0.00142908 0.01371118]]
refU [[0.1        1.17749938]
 [0.1        1.04864158]
 [0.1        0.91691225]
 [0.1        0.86475574]]
A [[[ 1.          0.          0.        ]
  [ 0.          1.         -0.23223222]
  [ 0.          0.          1.        ]]

 [[ 1.          0.          0.0355069 ]
  [ 0.          1.         -0.20054969]
  [ 0.          0.          1.        ]]

 [[ 1.          0.          0.03456226]
  [ 0.          1.         -0.10508859]
  [ 0.          0.          1.        ]]

 [[ 1.          0.          0.02028748]
  [ 0.          1.         -0.05756836]
  [ 0.          0.          1.        ]]]
B [[[ 0.          0.1       ]
  [ 0.          0.        ]
  [-0.27650752 -0.05732699]]

 [[ 0.          0.09846861]
  [ 0.          0.01743366]
  [-0.22909345 -0.0547743 ]]

 [[ 0.          0.09499428]
  [ 0.          0.03124238]
  [-0.22451196 -0.08326703]]

 [[ 0.          0.09431484]
  [ 0.          0.03323719]
  [-0.036402   -0.02650637]]]
Lxx [[[3. 0. 0.]
  [0. 3. 0.]
  [0. 0. 1.]]

 [[3. 0. 0.]
  [0. 3. 0.]
  [0. 0. 1.]]

 [[3. 0. 0.]
  [0. 3. 0.]
  [0. 0. 1.]]

 [[3. 0. 0.]
  [0. 3. 0.]
  [0. 0. 1.]]]
Luu [[[1. 0.]
  [0. 1.]]

 [[1. 0.]
  [0. 1.]]

 [[1. 0.]
  [0. 1.]]

 [[1. 0.]
  [0. 1.]]]
Lx [[[1.]
  [1.]
  [0.]]

 [[1.]
  [1.]
  [0.]]

 [[1.]
  [1.]
  [0.]]

 [[1.]
  [1.]
  [0.]]]
Lu [[[1.]
  [1.]]

 [[1.]
  [1.]]

 [[1.]
  [1.]]

 [[1.]
  [1.]]]
Lxu [[[0. 0.]
  [0. 0.]
  [0. 0.]]

 [[0. 0.]
  [0. 0.]
  [0. 0.]]

 [[0. 0.]
  [0. 0.]
  [0. 0.]]

 [[0. 0.]
  [0. 0.]
  [0. 0.]]]
Lux [[[0. 0. 0.]
  [0. 0. 0.]]

 [[0. 0. 0.]
  [0. 0. 0.]]

 [[0. 0. 0.]
  [0. 0. 0.]]

 [[0. 0. 0.]
  [0. 0. 0.]]]
iter num: 6
ILQR 输出：
refX [[0.         0.         0.        ]
 [0.11774994 0.         0.0051367 ]
 [0.22261271 0.00053865 0.00971127]
 [0.31429961 0.00142908 0.01371118]]
refU [[0.1        1.17749938]
 [0.1        1.04864158]
 [0.1        0.91691225]
 [0.1        0.86475574]]
A [[[ 1.  0. nan]
  [ 0.  1. nan]
  [ 0.  0.  1.]]

 [[ 1.  0. nan]
  [ 0.  1. nan]
  [ 0.  0.  1.]]

 [[ 1.  0. nan]
  [ 0.  1. nan]
  [ 0.  0.  1.]]

 [[ 1.  0. nan]
  [ 0.  1. nan]
  [ 0.  0.  1.]]]
B [[[0.  0.1]
  [0.  0. ]
  [nan nan]]

 [[0.  nan]
  [0.  nan]
  [nan nan]]

 [[0.  nan]
  [0.  nan]
  [nan nan]]

 [[0.  nan]
  [0.  nan]
  [nan nan]]]
Lxx [[[3. 0. 0.]
  [0. 3. 0.]
  [0. 0. 1.]]

 [[3. 0. 0.]
  [0. 3. 0.]
  [0. 0. 1.]]

 [[3. 0. 0.]
  [0. 3. 0.]
  [0. 0. 1.]]

 [[3. 0. 0.]
  [0. 3. 0.]
  [0. 0. 1.]]]
Luu [[[1. 0.]
  [0. 1.]]

 [[1. 0.]
  [0. 1.]]

 [[1. 0.]
  [0. 1.]]

 [[1. 0.]
  [0. 1.]]]
Lx [[[1.]
  [1.]
  [0.]]

 [[1.]
  [1.]
  [0.]]

 [[1.]
  [1.]
  [0.]]

 [[1.]
  [1.]
  [0.]]]
Lu [[[1.]
  [1.]]

 [[1.]
  [1.]]

 [[1.]
  [1.]]

 [[1.]
  [1.]]]
Lxu [[[0. 0.]
  [0. 0.]
  [0. 0.]]

 [[0. 0.]
  [0. 0.]
  [0. 0.]]

 [[0. 0.]
  [0. 0.]
  [0. 0.]]

 [[0. 0.]
  [0. 0.]
  [0. 0.]]]
Lux [[[0. 0. 0.]
  [0. 0. 0.]]

 [[0. 0. 0.]
  [0. 0. 0.]]

 [[0. 0. 0.]
  [0. 0. 0.]]

 [[0. 0. 0.]
  [0. 0. 0.]]]
iter num: 7
ILQR 输出：
refX [[0.         0.         0.        ]
 [0.11774994 0.         0.0051367 ]
 [0.22261271 0.00053865 0.00971127]
 [0.31429961 0.00142908 0.01371118]]
refU [[0.1        1.17749938]
 [0.1        1.04864158]
 [0.1        0.91691225]
 [0.1        0.86475574]]
A [[[ 1.  0. nan]
  [ 0.  1. nan]
  [ 0.  0.  1.]]

 [[ 1.  0. nan]
  [ 0.  1. nan]
  [ 0.  0.  1.]]

 [[ 1.  0. nan]
  [ 0.  1. nan]
  [ 0.  0.  1.]]

 [[ 1.  0. nan]
  [ 0.  1. nan]
  [ 0.  0.  1.]]]
B [[[0.  0.1]
  [0.  0. ]
  [nan nan]]

 [[0.  nan]
  [0.  nan]
  [nan nan]]

 [[0.  nan]
  [0.  nan]
  [nan nan]]

 [[0.  nan]
  [0.  nan]
  [nan nan]]]
Lxx [[[3. 0. 0.]
  [0. 3. 0.]
  [0. 0. 1.]]

 [[3. 0. 0.]
  [0. 3. 0.]
  [0. 0. 1.]]

 [[3. 0. 0.]
  [0. 3. 0.]
  [0. 0. 1.]]

 [[3. 0. 0.]
  [0. 3. 0.]
  [0. 0. 1.]]]
Luu [[[1. 0.]
  [0. 1.]]

 [[1. 0.]
  [0. 1.]]

 [[1. 0.]
  [0. 1.]]

 [[1. 0.]
  [0. 1.]]]
Lx [[[1.]
  [1.]
  [0.]]

 [[1.]
  [1.]
  [0.]]

 [[1.]
  [1.]
  [0.]]

 [[1.]
  [1.]
  [0.]]]
Lu [[[1.]
  [1.]]

 [[1.]
  [1.]]

 [[1.]
  [1.]]

 [[1.]
  [1.]]]
Lxu [[[0. 0.]
  [0. 0.]
  [0. 0.]]

 [[0. 0.]
  [0. 0.]
  [0. 0.]]

 [[0. 0.]
  [0. 0.]
  [0. 0.]]

 [[0. 0.]
  [0. 0.]
  [0. 0.]]]
Lux [[[0. 0. 0.]
  [0. 0. 0.]]

 [[0. 0. 0.]
  [0. 0. 0.]]

 [[0. 0. 0.]
  [0. 0. 0.]]

 [[0. 0. 0.]
  [0. 0. 0.]]]
iter num: 8
ILQR 输出：
refX [[0.         0.         0.        ]
 [0.11774994 0.         0.0051367 ]
 [0.22261271 0.00053865 0.00971127]
 [0.31429961 0.00142908 0.01371118]]
refU [[0.1        1.17749938]
 [0.1        1.04864158]
 [0.1        0.91691225]
 [0.1        0.86475574]]
A [[[ 1.  0. nan]
  [ 0.  1. nan]
  [ 0.  0.  1.]]

 [[ 1.  0. nan]
  [ 0.  1. nan]
  [ 0.  0.  1.]]

 [[ 1.  0. nan]
  [ 0.  1. nan]
  [ 0.  0.  1.]]

 [[ 1.  0. nan]
  [ 0.  1. nan]
  [ 0.  0.  1.]]]
B [[[0.  0.1]
  [0.  0. ]
  [nan nan]]

 [[0.  nan]
  [0.  nan]
  [nan nan]]

 [[0.  nan]
  [0.  nan]
  [nan nan]]

 [[0.  nan]
  [0.  nan]
  [nan nan]]]
Lxx [[[3. 0. 0.]
  [0. 3. 0.]
  [0. 0. 1.]]

 [[3. 0. 0.]
  [0. 3. 0.]
  [0. 0. 1.]]

 [[3. 0. 0.]
  [0. 3. 0.]
  [0. 0. 1.]]

 [[3. 0. 0.]
  [0. 3. 0.]
  [0. 0. 1.]]]
Luu [[[1. 0.]
  [0. 1.]]

 [[1. 0.]
  [0. 1.]]

 [[1. 0.]
  [0. 1.]]

 [[1. 0.]
  [0. 1.]]]
Lx [[[1.]
  [1.]
  [0.]]

 [[1.]
  [1.]
  [0.]]

 [[1.]
  [1.]
  [0.]]

 [[1.]
  [1.]
  [0.]]]
Lu [[[1.]
  [1.]]

 [[1.]
  [1.]]

 [[1.]
  [1.]]

 [[1.]
  [1.]]]
Lxu [[[0. 0.]
  [0. 0.]
  [0. 0.]]

 [[0. 0.]
  [0. 0.]
  [0. 0.]]

 [[0. 0.]
  [0. 0.]
  [0. 0.]]

 [[0. 0.]
  [0. 0.]
  [0. 0.]]]
Lux [[[0. 0. 0.]
  [0. 0. 0.]]

 [[0. 0. 0.]
  [0. 0. 0.]]

 [[0. 0. 0.]
  [0. 0. 0.]]

 [[0. 0. 0.]
  [0. 0. 0.]]]
iter num: 9
ILQR 输出：
refX [[0.         0.         0.        ]
 [0.11774994 0.         0.0051367 ]
 [0.22261271 0.00053865 0.00971127]
 [0.31429961 0.00142908 0.01371118]]
refU [[0.1        1.17749938]
 [0.1        1.04864158]
 [0.1        0.91691225]
 [0.1        0.86475574]]
A [[[ 1.  0. nan]
  [ 0.  1. nan]
  [ 0.  0.  1.]]

 [[ 1.  0. nan]
  [ 0.  1. nan]
  [ 0.  0.  1.]]

 [[ 1.  0. nan]
  [ 0.  1. nan]
  [ 0.  0.  1.]]

 [[ 1.  0. nan]
  [ 0.  1. nan]
  [ 0.  0.  1.]]]
B [[[0.  0.1]
  [0.  0. ]
  [nan nan]]

 [[0.  nan]
  [0.  nan]
  [nan nan]]

 [[0.  nan]
  [0.  nan]
  [nan nan]]

 [[0.  nan]
  [0.  nan]
  [nan nan]]]
Lxx [[[3. 0. 0.]
  [0. 3. 0.]
  [0. 0. 1.]]

 [[3. 0. 0.]
  [0. 3. 0.]
  [0. 0. 1.]]

 [[3. 0. 0.]
  [0. 3. 0.]
  [0. 0. 1.]]

 [[3. 0. 0.]
  [0. 3. 0.]
  [0. 0. 1.]]]
Luu [[[1. 0.]
  [0. 1.]]

 [[1. 0.]
  [0. 1.]]

 [[1. 0.]
  [0. 1.]]

 [[1. 0.]
  [0. 1.]]]
Lx [[[1.]
  [1.]
  [0.]]

 [[1.]
  [1.]
  [0.]]

 [[1.]
  [1.]
  [0.]]

 [[1.]
  [1.]
  [0.]]]
Lu [[[1.]
  [1.]]

 [[1.]
  [1.]]

 [[1.]
  [1.]]

 [[1.]
  [1.]]]
Lxu [[[0. 0.]
  [0. 0.]
  [0. 0.]]

 [[0. 0.]
  [0. 0.]
  [0. 0.]]

 [[0. 0.]
  [0. 0.]
  [0. 0.]]

 [[0. 0.]
  [0. 0.]
  [0. 0.]]]
Lux [[[0. 0. 0.]
  [0. 0. 0.]]

 [[0. 0. 0.]
  [0. 0. 0.]]

 [[0. 0. 0.]
  [0. 0. 0.]]

 [[0. 0. 0.]
  [0. 0. 0.]]]
