LQR 输出：
refX [[0, 0, 0], 
[0.0826874493728782, 0.0, 0.003607138312352186], 
[0.20170752314999796, 0.00042932373010300633, 0.008799276470936132], 
[0.30858050937812004, 0.0013697529549454668, 0.013461659588427263]]
refU [[0.1        0.82687449]
 [0.1        1.19020848]
 [0.1        1.06877124]
 [0.1        1.05014802]]
A [[[ 1.00000000e+00  0.00000000e+00 -0.00000000e+00]
  [ 0.00000000e+00  1.00000000e+00  8.26874494e-02]
  [ 0.00000000e+00  0.00000000e+00  1.00000000e+00]]

 [[ 1.00000000e+00  0.00000000e+00 -4.29323730e-04]
  [ 0.00000000e+00  1.00000000e+00  1.19020074e-01]
  [ 0.00000000e+00  0.00000000e+00  1.00000000e+00]]

 [[ 1.00000000e+00  0.00000000e+00 -9.40429225e-04]
  [ 0.00000000e+00  1.00000000e+00  1.06872986e-01]
  [ 0.00000000e+00  0.00000000e+00  1.00000000e+00]]

 [[ 1.00000000e+00  0.00000000e+00 -1.41363082e-03]
  [ 0.00000000e+00  1.00000000e+00  1.05005287e-01]
  [ 0.00000000e+00  0.00000000e+00  1.00000000e+00]]]
B [[[0.         0.1       ]
  [0.         0.        ]
  [0.03631299 0.00436238]]

 [[0.         0.09999935]
  [0.         0.00036071]
  [0.05226915 0.00436238]]

 [[0.         0.09999613]
  [0.         0.00087992]
  [0.04693611 0.00436238]]

 [[0.         0.09999094]
  [0.         0.00134613]
  [0.04611826 0.00436238]]]
Lxx [[[1. 0. 0.]
  [0. 1. 0.]
  [0. 0. 1.]]

 [[1. 0. 0.]
  [0. 1. 0.]
  [0. 0. 1.]]

 [[1. 0. 0.]
  [0. 1. 0.]
  [0. 0. 1.]]

 [[1. 0. 0.]
  [0. 1. 0.]
  [0. 0. 1.]]]
Luu [[[1. 0.]
  [0. 1.]]

 [[1. 0.]
  [0. 1.]]

 [[1. 0.]
  [0. 1.]]

 [[1. 0.]
  [0. 1.]]]
Lx [[[1.]
  [1.]
  [1.]]

 [[1.]
  [1.]
  [1.]]

 [[1.]
  [1.]
  [1.]]

 [[1.]
  [1.]
  [1.]]]
Lu [[[1.]
  [1.]]

 [[1.]
  [1.]]

 [[1.]
  [1.]]

 [[1.]
  [1.]]]
Lxu [[[0. 0.]
  [0. 0.]
  [0. 0.]]

 [[0. 0.]
  [0. 0.]
  [0. 0.]]

 [[0. 0.]
  [0. 0.]
  [0. 0.]]

 [[0. 0.]
  [0. 0.]
  [0. 0.]]]
Lux [[[0. 0. 0.]
  [0. 0. 0.]]

 [[0. 0. 0.]
  [0. 0. 0.]]

 [[0. 0. 0.]
  [0. 0. 0.]]

 [[0. 0. 0.]
  [0. 0. 0.]]]
